80
00
08
24
00
00
09
24
00
00
18
24
00
00
10
24
01
00
0b
24
00
00
12
24
80
00
08
24
00
00
09
24
00
00
18
24
ff
ff
0b
17
28
00
0c
24
07
00
99
11
2f
00
01
20
22
60
21
03
f6
ff
80
19
39
00
01
20
22
60
21
03
f3
ff
80
1d
21
00
10
08
01
00
12
24
00
00
19
ad
04
00
08
25
00
00
18
24
ff
ff
0b
17
28
00
0c
24
f9
ff
99
11
2f
00
01
20
22
60
21
03
e8
ff
80
19
39
00
01
20
22
60
21
03
e5
ff
80
1d
21
00
10
08
02
00
12
24
30
00
01
20
22
60
21
03
00
00
2c
ad
04
00
29
25
00
00
18
24
ff
ff
0b
17
3d
00
0c
24
67
00
99
11
2a
00
0c
24
05
00
99
11
2b
00
0c
24
20
00
99
11
29
00
0c
24
40
00
99
11
05
00
10
08
03
00
12
24
80
00
01
20
22
60
01
01
0c
00
80
19
fc
ff
0c
8d
0a
00
99
15
04
00
01
20
22
40
01
01
fc
ff
2d
8d
f8
ff
2e
8d
04
00
01
20
22
48
21
01
19
00
ae
01
12
60
00
00
fc
ff
2c
ad
31
00
10
08
00
00
19
ad
04
00
08
25
00
00
18
24
ff
ff
0b
17
28
00
0c
24
cc
ff
99
11
2f
00
01
20
22
60
21
03
bb
ff
80
19
39
00
01
20
22
60
21
03
b8
ff
80
1d
21
00
10
08
04
00
12
24
80
00
01
20
22
60
01
01
11
00
80
19
fc
ff
0c
8d
28
00
0d
24
0e
00
8d
11
04
00
01
20
22
40
01
01
fc
ff
2d
8d
f8
ff
2e
8d
04
00
01
20
22
48
21
01
03
00
99
15
21
60
ae
01
fc
ff
2c
ad
4e
00
10
08
19
00
ae
01
12
60
00
00
fc
ff
2c
ad
4e
00
10
08
00
00
19
ad
04
00
08
25
00
00
18
24
ff
ff
0b
17
28
00
0c
24
aa
ff
99
11
2f
00
01
20
22
60
21
03
99
ff
80
19
39
00
01
20
22
60
21
03
96
ff
80
1d
21
00
10
08
05
00
12
24
80
00
01
20
22
60
01
01
91
ff
80
19
04
00
01
20
22
40
01
01
00
00
0c
8d
28
00
0d
24
0d
00
8d
11
fc
ff
2d
8d
f8
ff
2e
8d
04
00
01
20
22
48
21
01
2b
00
0f
24
03
00
8f
15
21
60
ae
01
fc
ff
2c
ad
70
00
10
08
19
00
ae
01
12
60
00
00
fc
ff
2c
ad
70
00
10
08
00
00
18
24
ff
ff
0b
17
3d
00
0c
24
07
00
99
11
2a
00
0c
24
a5
ff
99
11
2b
00
0c
24
c0
ff
99
11
29
00
0c
24
e0
ff
99
11
05
00
10
08
06
00
12
24
80
00
01
20
22
60
01
01
12
00
80
19
fc
ff
0c
8d
28
00
0d
24
6d
ff
8d
11
04
00
01
20
22
40
01
01
fc
ff
2d
8d
f8
ff
2e
8d
04
00
01
20
22
48
21
01
2a
00
19
24
03
00
99
11
21
60
ae
01
fc
ff
2c
ad
91
00
10
08
19
00
ae
01
12
60
00
00
fc
ff
2c
ad
91
00
10
08
00
00
11
8c
01
00
10
24
05
00
10
08
